10.270000457763672
11.4399995803833
9.75
12.59000015258789
11.229999542236328
17.309999465942383
19.1200008392334
32.95000076293945
27.520000457763672
31.530000686645508
32.04999923706055
33.88999938964844
32.34000015258789
41.7599983215332
43.689998626708984
41.5099983215332
37.33000183105469
42.08000183105469
40.31999969482422
47.59000015258789
41.7599983215332
44.880001068115234
45.290000915527344
40.130001068115234
44.02000045776367
44.459999084472656
43.189998626708984
46.040000915527344
50.11000061035156
49.189998626708984
49.5099983215332
46.33000183105469
49.029998779296875
48.90999984741211
42.150001525878906
44.5
41.63999938964844
45.869998931884766
43.45000076293945
42.279998779296875
46.54999923706055
46.65999984741211
41.880001068115234
41.93000030517578
42.459999084472656
42.86000061035156
41.619998931884766
43.849998474121094
47.040000915527344
49.4900016784668
47.5099983215332
49.18000030517578
51.5099983215332
51.029998779296875
52.61000061035156
50.7599983215332
53.43000030517578
50.029998779296875
51.70000076293945
51.560001373291016
54.040000915527344
54.56999969482422
54.970001220703125
48.31999969482422
51.790000915527344
48.91999816894531
48.72999954223633
49.13999938964844
50.4900016784668
49.65999984741211
49.27000045776367
48.880001068115234
42.630001068115234
46.869998931884766
46.7599983215332
49.27000045776367
49.40999984741211
49.59000015258789
49.849998474121094
49.25
44.970001220703125
46.70000076293945
45.63999938964844
42.08000183105469
43.4900016784668
43.7599983215332
46.790000915527344
47.84000015258789
49.68000030517578
45.560001373291016
44.61000061035156
44.13999938964844
43.630001068115234
41.79999923706055
42.540000915527344
40.099998474121094
39.529998779296875
37.25
38.029998779296875
39.279998779296875
