12.050000190734863
13.90999984741211
16.760000228881836
20.290000915527344
25.770000457763672
32.33000183105469
38.83000183105469
43.83000183105469
48.15999984741211
50.630001068115234
52.619998931884766
53.59000015258789
54.119998931884766
54.2400016784668
54.369998931884766
54.619998931884766
54.70000076293945
55.20000076293945
56.04999923706055
56.83000183105469
58.27000045776367
59.43000030517578
61.189998626708984
63.310001373291016
64.91999816894531
67.19999694824219
67.8499984741211
70.19000244140625
70.44000244140625
72.94999694824219
73.4000015258789
75.2300033569336
74.91000366210938
77.58999633789062
74.37999725341797
78.81999969482422
70.88999938964844
78.47000122070312
73.48999786376953
78.0999984741211
76.44000244140625
78.73999786376953
77.80000305175781
81.31999969482422
81.22000122070312
83.0199966430664
83.27999877929688
83.66999816894531
84.19000244140625
84.05000305175781
