9.930000305175781
10.0600004196167
12.510000228881836
10.979999542236328
10.119999885559082
11.920000076293945
13.489999771118164
15.039999961853027
17.760000228881836
16.8799991607666
19.6200008392334
11.789999961853027
10.609999656677246
8.130000114440918
12.329999923706055
13.789999961853027
10.399999618530273
9.470000267028809
12.649999618530273
10.050000190734863
7.880000114440918
9.630000114440918
7.349999904632568
8.710000038146973
9.979999542236328
12.279999732971191
15.569999694824219
11.699999809265137
15.1899995803833
17.260000228881836
15.220000267028809
16.389999389648438
16.440000534057617
18.1200008392334
17.299999237060547
16.31999969482422
16.559999465942383
19.43000030517578
18.520000457763672
14.40999984741211
14.630000114440918
12.6899995803833
12.369999885559082
15.390000343322754
16.440000534057617
16.079999923706055
15.40999984741211
18.6299991607666
13.239999771118164
16.510000228881836
11.949999809265137
12.9399995803833
12.130000114440918
11.510000228881836
11.6899995803833
11.680000305175781
11.460000038146973
11.890000343322754
12.039999961853027
10.930000305175781
12.8100004196167
10.539999961853027
10.65999984741211
10.800000190734863
13.569999694824219
15.470000267028809
15.930000305175781
16.469999313354492
16.600000381469727
17.459999084472656
15.289999961853027
13.020000457763672
15.350000381469727
14.960000038146973
14.460000038146973
15.399999618530273
16.450000762939453
12.630000114440918
15.739999771118164
17.799999237060547
15.239999771118164
14.5
13.880000114440918
16.690000534057617
15.729999542236328
16.790000915527344
15.800000190734863
14.180000305175781
15.289999961853027
12.529999732971191
14.180000305175781
15.079999923706055
11.859999656677246
11.390000343322754
13.279999732971191
14.260000228881836
13.079999923706055
14.65999984741211
16.059999465942383
16.139999389648438
